 65,  2,  5
 71,  3,  1
 77,  4,  2
 83,  5,  3
 89,  4,  1
 95,  10,  7
 66,  8,  6
 88,  7,  9
 101,  10,  8
 107,  9,  6
 113,  15,  12
 70,  13,  11
 64,  12,  14
 94,  15,  13
 119,  11,  14
 125,  20,  17
 76,  18,  16
 72,  17,  19
 112,  20,  18
 131,  16,  19
 137,  22,  25
 82,  23,  21
 78,  22,  24
 124,  25,  23
 143,  24,  21
 102,  30,  27
 90,  28,  26
 84,  27,  29
 136,  30,  28
 149,  26,  29
 155,  32,  35
 161,  31,  33
 167,  34,  32
 173,  33,  35
 179,  34,  31
 126,  37,  40
 130,  36,  38
 160,  37,  39
 154,  40,  38
 142,  39,  36
 114,  45,  42
 118,  43,  41
 166,  44,  42
 162,  43,  45
 132,  44,  41
 96,  47,  50
 106,  46,  48
 172,  49,  47
 168,  50,  48
 120,  49,  46
 100,  55,  52
 148,  51,  53
 178,  54,  52
 174,  55,  53
 108,  51,  54
 138,  57,  60
 144,  58,  56
 156,  57,  59
 180,  58,  60
 150,  56,  59
 65,  64,  67
 66,  64,  91
 66,  65,  85
 13,  62,  61
 1,  63,  61
 7,  63,  62
 71,  70,  61
 70,  72,  109
 72,  71,  73
 12,  68,  67
 2,  69,  67
 18,  69,  68
 76,  77,  69
 78,  76,  121
 77,  78,  79
 17,  74,  73
 3,  75,  73
 23,  74,  75
 83,  82,  75
 82,  84,  133
 83,  84,  87
 22,  80,  79
 4,  81,  79
 28,  81,  80
 89,  88,  63
 90,  88,  99
 89,  90,  81
 8,  86,  85
 5,  87,  85
 27,  86,  87
 94,  95,  62
 94,  96,  117
 96,  95,  103
 14,  91,  92
 6,  93,  91
 46,  93,  92
 101,  100,  105
 100,  102,  145
 102,  101,  86
 51,  98,  97
 9,  99,  97
 26,  99,  98
 107,  106,  93
 106,  108,  170
 107,  108,  97
 47,  104,  103
 10,  105,  103
 55,  105,  104
 112,  113,  68
 112,  114,  129
 113,  114,  115
 19,  109,  110
 11,  111,  109
 41,  111,  110
 119,  118,  111
 118,  120,  164
 119,  120,  92
 42,  116,  115
 15,  117,  115
 50,  117,  116
 125,  124,  74
 126,  124,  139
 126,  125,  127
 24,  122,  121
 16,  121,  123
 36,  122,  123
 131,  130,  123
 132,  130,  158
 131,  132,  110
 37,  128,  127
 20,  129,  127
 45,  129,  128
 137,  136,  80
 138,  136,  147
 138,  137,  141
 29,  134,  133
 21,  133,  135
 56,  135,  134
 143,  142,  122
 144,  142,  152
 143,  144,  135
 40,  140,  139
 25,  141,  139
 57,  141,  140
 149,  148,  98
 148,  150,  176
 150,  149,  134
 52,  146,  145
 30,  147,  145
 60,  147,  146
 154,  155,  157
 154,  156,  140
 155,  156,  177
 39,  152,  151
 31,  153,  151
 58,  153,  152
 160,  161,  151
 162,  160,  128
 161,  162,  163
 38,  157,  158
 32,  159,  157
 44,  159,  158
 167,  166,  159
 166,  168,  116
 167,  168,  169
 43,  164,  163
 33,  165,  163
 49,  165,  164
 173,  172,  165
 172,  174,  104
 173,  174,  175
 48,  170,  169
 34,  171,  169
 54,  171,  170
 178,  179,  171
 180,  178,  146
 179,  180,  153
 53,  176,  175
 35,  177,  175
 59,  176,  177
