    0.5940600    0.0596500   -0.0419300
    0.5935700   -0.0735300   -0.0162000
    0.5666300   -0.1382000   -0.1322800
    0.5507500   -0.0451900   -0.2294600
    0.5678100    0.0771100   -0.1738600
    0.2830100    0.5127600    0.1234500
    0.3834700    0.4561200    0.0521300
    0.3572900    0.4735500   -0.0796200
    0.2399200    0.5405800   -0.0897200
    0.1942100    0.5652000    0.0354300
    0.3370000   -0.0171300    0.4942900
    0.4380700    0.0083800    0.4075100
    0.4382800    0.1415200    0.3818100
    0.3373300    0.1977200    0.4528300
    0.2750200    0.0998600    0.5227301
    0.2371200   -0.5362501    0.1180100
    0.3546400   -0.4703100    0.1030000
    0.3816400   -0.4058400    0.2190800
    0.2806600   -0.4318300    0.3058200
    0.1914700   -0.5126700    0.2433600
    0.1217400   -0.3275300   -0.4863400
    0.2491400   -0.3193000   -0.4405100
    0.2654500   -0.4123000   -0.3434400
    0.1476200   -0.4776500   -0.3286200
    0.0590200   -0.4257900   -0.4169600
    0.1495200    0.3207300   -0.4829300
    0.2667900    0.2533900   -0.4722200
    0.2503500    0.1311700   -0.5282800
    0.1227000    0.1231600   -0.5731800
    0.0605500    0.2402800   -0.5457100
   -0.5935700   -0.0594400    0.0422700
   -0.5674900   -0.0769400    0.1740100
   -0.5506300    0.0457100    0.2293100
   -0.5669400    0.1387000    0.1321500
   -0.5935900    0.0737200    0.0161700
   -0.1941100   -0.5644800   -0.0348600
   -0.2400800   -0.5406900    0.0903200
   -0.3572200   -0.4733100    0.0795800
   -0.3831200   -0.4557200   -0.0524200
   -0.2826100   -0.5123900   -0.1233700
   -0.0608300   -0.2403700    0.5451000
   -0.1229000   -0.1229500    0.5726700
   -0.2503600   -0.1316500    0.5274600
   -0.2667900   -0.2541600    0.4721500
   -0.1498400   -0.3215800    0.4831800
   -0.0591200    0.4257000    0.4166400
   -0.1477300    0.4780800    0.3285500
   -0.2650300    0.4116800    0.3436400
   -0.2486400    0.3190200    0.4410600
   -0.1214400    0.3276300    0.4865900
   -0.1913300    0.5120201   -0.2425700
   -0.2802400    0.4312400   -0.3055000
   -0.3811200    0.4056800   -0.2185000
   -0.3548300    0.4708700   -0.1026400
   -0.2373700    0.5367300   -0.1175900
   -0.2751500   -0.1000800   -0.5223500
   -0.3379500   -0.1979700   -0.4529100
   -0.4388100   -0.1415800   -0.3823800
   -0.4384300   -0.0084800   -0.4082000
   -0.3372900    0.0173200   -0.4948700
    0.5577100    0.1083500    0.1836000
    0.4438500    0.3233900    0.2346800
    0.5284200    0.2791000    0.0048900
    0.4937500    0.1973200    0.2719500
    0.5747200    0.1549400    0.0519800
    0.4656800    0.3605000    0.1008300
    0.5574300   -0.0348900    0.2112300
    0.4426400   -0.2150600    0.3391100
    0.5268800   -0.2593900    0.1092700
    0.4932500   -0.0844600    0.3263300
    0.5740000   -0.1270300    0.1063100
    0.4641900   -0.2992700    0.2284600
    0.4981100   -0.3291500   -0.0154700
    0.3347300   -0.4772300   -0.1303400
    0.4499300   -0.2973100   -0.2573000
    0.4072800   -0.4365900   -0.0169800
    0.5176300   -0.2640900   -0.1387700
    0.3613600   -0.4061200   -0.2486200
    0.4325600   -0.1973300   -0.3620200
    0.2696600   -0.1016100   -0.5238400
    0.4333400    0.0466700   -0.4094900
    0.3269900   -0.2095600   -0.4544100
    0.4837300   -0.0674800   -0.3448700
    0.3278600    0.0242600   -0.4998000
    0.5001100    0.2975200   -0.1368800
    0.3370900    0.3931700   -0.2984800
    0.4513400    0.1783800   -0.3495100
    0.4097300    0.3972700   -0.1781200
    0.5191900    0.1914300   -0.2271600
    0.3630300    0.2829400   -0.3818600
    0.3355300    0.3838300    0.3112900
    0.1502500    0.3369000    0.4708200
    0.1207100    0.5074500    0.2919800
    0.2807000    0.3167100    0.4220900
    0.2524500    0.4800900    0.2510200
    0.0751400    0.4350300    0.4034300
    0.0261300    0.5693000   -0.1794300
   -0.0228000    0.4501000   -0.3924900
    0.2110600    0.4654700   -0.3098100
   -0.0618800    0.5243200   -0.2797500
    0.1620700    0.5390900   -0.2004200
    0.1152200    0.4252300   -0.4042300
    0.0255200    0.5638000    0.1969000
   -0.2084300    0.5483300    0.1140000
   -0.0230600    0.5955600   -0.0447800
   -0.1126600    0.5456000    0.2168100
    0.0648700    0.5909000    0.0646500
   -0.1590200    0.5760600   -0.0148300
    0.3341100   -0.2428900    0.4322500
    0.1184300   -0.3635000    0.4603100
    0.1494700   -0.1388400    0.5623300
    0.2503000   -0.3540700    0.4122100
    0.2799100   -0.1388000    0.5099600
    0.0734100   -0.2542700    0.5367100
    0.0826900   -0.0127700    0.5923400
   -0.1323700    0.1106000    0.5725600
    0.0832500    0.2313300    0.5455900
   -0.0579100   -0.0064700    0.5952600
    0.1485800    0.1093200    0.5694500
   -0.0571500    0.2275300    0.5505300
    0.2084000   -0.5479800   -0.1137900
   -0.0255300   -0.5633700   -0.1966100
    0.0230700   -0.5954200    0.0454000
    0.1124800   -0.5451500   -0.2167600
    0.1589500   -0.5757300    0.0149000
   -0.0647500   -0.5904100   -0.0643100
   -0.0260900   -0.5694700    0.1801300
   -0.2110700   -0.4658300    0.3102200
    0.0229400   -0.4508300    0.3930000
   -0.1621100   -0.5394200    0.2007600
    0.0620700   -0.5250200    0.2803000
   -0.1149100   -0.4258800    0.4047700
    0.1324800   -0.1106000   -0.5725100
   -0.0826700    0.0126400   -0.5924301
   -0.0832700   -0.2316700   -0.5453600
    0.0578800    0.0065800   -0.5954100
    0.0572500   -0.2273500   -0.5503600
   -0.1485400   -0.1094400   -0.5692300
   -0.1206100   -0.5071101   -0.2917900
   -0.3356300   -0.3835800   -0.3115600
   -0.1504000   -0.3371900   -0.4707000
   -0.2525000   -0.4796200   -0.2510200
   -0.0751200   -0.4349400   -0.4036000
   -0.2808600   -0.3166900   -0.4224800
   -0.1184100    0.3630100   -0.4599500
   -0.3344000    0.2423600   -0.4323600
   -0.1494500    0.1387800   -0.5625300
   -0.2504000    0.3533400   -0.4119400
   -0.0734500    0.2541900   -0.5368000
   -0.2798300    0.1386800   -0.5103600
   -0.5282100   -0.2786400   -0.0048900
   -0.4439900   -0.3229700   -0.2349900
   -0.5581600   -0.1082300   -0.1838600
   -0.4654600   -0.3600400   -0.1010900
   -0.5747100   -0.1544400   -0.0521800
   -0.4943500   -0.1969500   -0.2723000
   -0.4997500   -0.2975400    0.1367800
   -0.3371500   -0.3933700    0.2986900
   -0.4512400   -0.1783800    0.3494400
   -0.4096400   -0.3972200    0.1781800
   -0.5189500   -0.1913200    0.2270800
   -0.3632000   -0.2830600    0.3819400
   -0.4331900   -0.0466600    0.4092400
   -0.2695400    0.1015600    0.5237800
   -0.4324200    0.1974100    0.3620400
   -0.3276000   -0.0241600    0.4995700
   -0.4835600    0.0677000    0.3447300
   -0.3270100    0.2097100    0.4543300
   -0.4497200    0.2973400    0.2572300
   -0.3348300    0.4774300    0.1301300
   -0.4984500    0.3291500    0.0152600
   -0.3609600    0.4061900    0.2484200
   -0.5177000    0.2643900    0.1385700
   -0.4077500    0.4365900    0.0168700
   -0.5269100    0.2594100   -0.1094900
   -0.4429200    0.2145300   -0.3392500
   -0.5578700    0.0348800   -0.2115900
   -0.4638600    0.2991000   -0.2288400
   -0.5742000    0.1268400   -0.1066600
   -0.4938100    0.0840500   -0.3267300
