0.626868 0.062944 -0.044246
0.626351 -0.077591 -0.017095
0.597923 -0.145832 -0.139585
0.581166 -0.047686 -0.242132
0.599169 0.081369 -0.183462
0.298640 0.541078 0.130268
0.404648 0.481310 0.055009
0.377022 0.499703 -0.084017
0.253170 0.570435 -0.094675
0.204936 0.596414 0.037387
0.355612 -0.018076 0.521588
0.462263 0.008843 0.430016
0.462485 0.149336 0.402896
0.355960 0.208640 0.477839
0.290209 0.105375 0.551599
0.250215 -0.565866 0.124527
0.374226 -0.496284 0.108688
0.402717 -0.428253 0.231179
0.296160 -0.455679 0.322710
0.202044 -0.540983 0.256800
0.128463 -0.345619 -0.513199
0.262899 -0.336934 -0.464838
0.280110 -0.435070 -0.362407
0.155773 -0.504029 -0.346769
0.062280 -0.449305 -0.439988
0.157778 0.338443 -0.509601
0.281524 0.267384 -0.498299
0.264176 0.138414 -0.557455
0.129476 0.129962 -0.604835
0.063894 0.253550 -0.575848
-0.626351 -0.062723 0.044604
-0.598831 -0.081189 0.183620
-0.581040 0.048234 0.241974
-0.598250 0.146360 0.139448
-0.626372 0.077791 0.017063
-0.204830 -0.595655 -0.036785
-0.253339 -0.570551 0.095308
-0.376948 -0.499450 0.083975
-0.404279 -0.480888 -0.055315
-0.298218 -0.540688 -0.130183
-0.064189 -0.253645 0.575204
-0.129687 -0.129740 0.604297
-0.264187 -0.138921 0.556590
-0.281524 -0.268197 0.498225
-0.158115 -0.339340 0.509865
-0.062385 0.449210 0.439650
-0.155889 0.504483 0.346695
-0.279667 0.434416 0.362618
-0.262372 0.336639 0.465418
-0.128147 0.345724 0.513463
-0.201897 0.540298 -0.255966
-0.295717 0.455056 -0.322372
-0.402168 0.428085 -0.230567
-0.374426 0.496875 -0.108309
-0.250479 0.566372 -0.124084
-0.290346 -0.105607 -0.551198
-0.356614 -0.208903 -0.477923
-0.463044 -0.149399 -0.403498
-0.462643 -0.008948 -0.430744
-0.355918 0.018277 -0.522200
0.588511 0.114334 0.193740
0.468363 0.341250 0.247641
0.557603 0.294514 0.005160
0.521018 0.208217 0.286969
0.606460 0.163497 0.054851
0.491398 0.380409 0.106399
0.588215 -0.036817 0.222896
0.467086 -0.226937 0.357838
0.555978 -0.273715 0.115305
0.520491 -0.089124 0.344352
0.605700 -0.134046 0.112181
0.489826 -0.315798 0.241077
0.525619 -0.347328 -0.016324
0.353216 -0.503586 -0.137538
0.474778 -0.313730 -0.271510
0.429773 -0.460702 -0.017918
0.546217 -0.278675 -0.146434
0.381317 -0.428549 -0.262351
0.456449 -0.208228 -0.382013
0.284553 -0.107222 -0.552770
0.457272 0.049247 -0.432105
0.345049 -0.221133 -0.479506
0.510445 -0.071207 -0.363916
0.345967 0.025600 -0.527403
0.527730 0.313951 -0.144439
0.355707 0.414884 -0.314964
0.476266 0.188231 -0.368812
0.432358 0.419210 -0.187957
0.547863 0.202002 -0.239705
0.383079 0.298566 -0.402949
0.354060 0.405028 0.328482
0.158548 0.355506 0.496822
0.127376 0.535475 0.308105
0.296202 0.334201 0.445401
0.266392 0.506604 0.264883
0.079290 0.459055 0.425710
0.027573 0.600741 -0.189339
-0.024059 0.474958 -0.414166
0.222716 0.491177 -0.326920
-0.065297 0.553277 -0.295200
0.171021 0.568862 -0.211489
0.121583 0.448714 -0.426554
0.026929 0.594937 0.207774
-0.219941 0.578613 0.120296
-0.024334 0.628451 -0.047253
-0.118882 0.575732 0.228784
0.068453 0.623534 0.068220
-0.167802 0.607874 -0.015649
0.352562 -0.256304 0.456122
0.124971 -0.383575 0.485732
0.157725 -0.146508 0.593386
0.264123 -0.373624 0.434975
0.295369 -0.146466 0.538124
0.077464 -0.268313 0.566351
0.087257 -0.013475 0.625053
-0.139680 0.116708 0.604181
0.087848 0.244106 0.575721
-0.061108 -0.006827 0.628135
0.156786 0.115357 0.600899
-0.060306 0.240096 0.580934
0.219909 -0.578243 -0.120074
-0.026940 -0.594483 -0.207468
0.024344 -0.628303 0.047907
0.118692 -0.575257 -0.228731
0.167728 -0.607526 0.015723
-0.068326 -0.623017 -0.067862
-0.027531 -0.600920 0.190078
-0.222727 -0.491556 0.327353
0.024207 -0.475728 0.414704
-0.171063 -0.569211 0.211847
0.065498 -0.554015 0.295780
-0.121256 -0.449400 0.427124
0.139796 -0.116708 -0.604128
-0.087236 0.013338 -0.625148
-0.087869 -0.244464 -0.575479
0.061077 0.006943 -0.628293
0.060412 -0.239906 -0.580755
-0.156743 -0.115484 -0.600667
-0.127271 -0.535116 -0.307905
-0.354166 -0.404764 -0.328767
-0.158706 -0.355812 -0.496695
-0.266445 -0.506108 -0.264883
-0.079269 -0.458960 -0.425890
-0.296371 -0.334180 -0.445812
-0.124949 0.383058 -0.485352
-0.352868 0.255745 -0.456238
-0.157704 0.146444 -0.593597
-0.264229 0.372854 -0.434690
-0.077506 0.268228 -0.566446
-0.295284 0.146339 -0.538546
-0.557382 -0.294028 -0.005160
-0.468510 -0.340807 -0.247968
-0.588986 -0.114207 -0.194014
-0.491166 -0.379924 -0.106673
-0.606450 -0.162969 -0.055062
-0.521652 -0.207827 -0.287338
-0.527350 -0.313972 0.144334
-0.355770 -0.415095 0.315186
-0.476161 -0.188231 0.368739
-0.432263 -0.419157 0.188020
-0.547610 -0.201886 0.239621
-0.383258 -0.298693 0.403033
-0.457114 -0.049237 0.431841
-0.284426 0.107169 0.552707
-0.456301 0.208312 0.382034
-0.345692 -0.025494 0.527160
-0.510266 0.071439 0.363768
-0.345070 0.221292 0.479421
-0.474557 0.313761 0.271436
-0.353322 0.503797 0.137317
-0.525978 0.347328 0.016103
-0.380895 0.428623 0.262140
-0.546291 0.278992 0.146223
-0.430269 0.460702 0.017802
-0.556010 0.273736 -0.115537
-0.467381 0.226378 -0.357986
-0.588680 0.036806 -0.223276
-0.489478 0.315618 -0.241478
-0.605911 0.133845 -0.112551
-0.521082 0.088692 -0.344774
