 65,  2,  5,  1
 71,  3,  1,  1
 77,  4,  2,  1
 83,  5,  3,  1
 89,  4,  1,  -1
 95,  10,  7,  -1
 66,  8,  6,  1
 88,  7,  9,  -1
 101,  10,  8,  1
 107,  9,  6,  -1
 113,  15,  12,  -1
 70,  13,  11,  1
 64,  12,  14,  -1
 94,  15,  13,  1
 119,  11,  14,  1
 125,  20,  17,  -1
 76,  18,  16,  1
 72,  17,  19,  -1
 112,  20,  18,  1
 131,  16,  19,  1
 137,  22,  25,  1
 82,  23,  21,  1
 78,  22,  24,  -1
 124,  25,  23,  1
 143,  24,  21,  -1
 102,  30,  27,  -1
 90,  28,  26,  1
 84,  27,  29,  -1
 136,  30,  28,  1
 149,  26,  29,  1
 155,  32,  35,  1
 161,  31,  33,  -1
 167,  34,  32,  1
 173,  33,  35,  -1
 179,  34,  31,  -1
 126,  37,  40,  1
 130,  36,  38,  -1
 160,  37,  39,  -1
 154,  40,  38,  1
 142,  39,  36,  -1
 114,  45,  42,  -1
 118,  43,  41,  1
 166,  44,  42,  1
 162,  43,  45,  -1
 132,  44,  41,  -1
 96,  47,  50,  1
 106,  46,  48,  -1
 172,  49,  47,  1
 168,  50,  48,  1
 120,  49,  46,  -1
 100,  55,  52,  -1
 148,  51,  53,  -1
 178,  54,  52,  1
 174,  55,  53,  1
 108,  51,  54,  1
 138,  57,  60,  1
 144,  58,  56,  1
 156,  57,  59,  -1
 180,  58,  60,  -1
 150,  56,  59,  1
 65,  64,  67,  1
 66,  64,  91,  -1
 66,  65,  85,  1
 13,  62,  61,  -1
 1,  63,  61,  1
 7,  63,  62,  -1
 71,  70,  61,  -1
 70,  72,  109,  -1
 72,  71,  73,  -1
 12,  68,  67,  1
 2,  69,  67,  -1
 18,  69,  68,  1
 76,  77,  69,  1
 78,  76,  121,  1
 77,  78,  79,  1
 17,  74,  73,  1
 3,  75,  73,  -1
 23,  74,  75,  -1
 83,  82,  75,  -1
 82,  84,  133,  -1
 83,  84,  87,  1
 22,  80,  79,  1
 4,  81,  79,  -1
 28,  81,  80,  1
 89,  88,  63,  1
 90,  88,  99,  -1
 89,  90,  81,  -1
 8,  86,  85,  -1
 5,  87,  85,  1
 27,  86,  87,  1
 94,  95,  62,  -1
 94,  96,  117,  1
 96,  95,  103,  1
 14,  91,  92,  1
 6,  93,  91,  1
 46,  93,  92,  -1
 101,  100,  105,  1
 100,  102,  145,  1
 102,  101,  86,  1
 51,  98,  97,  -1
 9,  99,  97,  1
 26,  99,  98,  -1
 107,  106,  93,  1
 106,  108,  170,  1
 107,  108,  97,  -1
 47,  104,  103,  -1
 10,  105,  103,  1
 55,  105,  104,  -1
 112,  113,  68,  -1
 112,  114,  129,  1
 113,  114,  115,  -1
 19,  109,  110,  1
 11,  111,  109,  1
 41,  111,  110,  -1
 119,  118,  111,  1
 118,  120,  164,  1
 119,  120,  92,  -1
 42,  116,  115,  -1
 15,  117,  115,  1
 50,  117,  116,  -1
 125,  124,  74,  1
 126,  124,  139,  -1
 126,  125,  127,  1
 24,  122,  121,  -1
 16,  121,  123,  -1
 36,  122,  123,  1
 131,  130,  123,  1
 132,  130,  158,  -1
 131,  132,  110,  -1
 37,  128,  127,  -1
 20,  129,  127,  1
 45,  129,  128,  -1
 137,  136,  80,  1
 138,  136,  147,  -1
 138,  137,  141,  1
 29,  134,  133,  -1
 21,  133,  135,  -1
 56,  135,  134,  -1
 143,  142,  122,  -1
 144,  142,  152,  1
 143,  144,  135,  1
 40,  140,  139,  1
 25,  141,  139,  -1
 57,  141,  140,  1
 149,  148,  98,  1
 148,  150,  176,  1
 150,  149,  134,  1
 52,  146,  145,  -1
 30,  147,  145,  1
 60,  147,  146,  -1
 154,  155,  157,  -1
 154,  156,  140,  1
 155,  156,  177,  -1
 39,  152,  151,  -1
 31,  153,  151,  1
 58,  153,  152,  -1
 160,  161,  151,  1
 162,  160,  128,  1
 161,  162,  163,  1
 38,  157,  158,  -1
 32,  159,  157,  -1
 44,  159,  158,  1
 167,  166,  159,  -1
 166,  168,  116,  -1
 167,  168,  169,  1
 43,  164,  163,  1
 33,  165,  163,  -1
 49,  165,  164,  1
 173,  172,  165,  -1
 172,  174,  104,  -1
 173,  174,  175,  1
 48,  170,  169,  1
 34,  171,  169,  -1
 54,  171,  170,  1
 178,  179,  171,  1
 180,  178,  146,  1
 179,  180,  153,  1
 53,  176,  175,  1
 35,  177,  175,  -1
 59,  176,  177,  -1
